[gd_scene load_steps=6 format=3 uid="uid://dnsy6sk70c0ep"]

[ext_resource type="PackedScene" uid="uid://5staieg7sydb" path="res://player.tscn" id="1_c5lyt"]
[ext_resource type="Script" path="res://WalkingParent.gd" id="2_ntoo2"]
[ext_resource type="Script" path="res://ShootingParent.gd" id="3_oayoe"]

[sub_resource type="BoxMesh" id="BoxMesh_8h8pj"]
size = Vector3(10, 1, 10)

[sub_resource type="BoxShape3D" id="BoxShape3D_2x1my"]
size = Vector3(10, 1, 10)

[node name="ShotTesting" type="Node3D"]

[node name="StaticBody3D" type="StaticBody3D" parent="."]
collision_layer = 3
collision_mask = 3

[node name="MeshInstance3D" type="MeshInstance3D" parent="StaticBody3D"]
mesh = SubResource("BoxMesh_8h8pj")

[node name="CollisionShape3D" type="CollisionShape3D" parent="StaticBody3D"]
shape = SubResource("BoxShape3D_2x1my")

[node name="DirectionalLight3D" type="DirectionalLight3D" parent="."]
transform = Transform3D(1, 0, 0, 0, 0.682879, 0.730532, 0, -0.730532, 0.682879, 0, 8.98064, 0)

[node name="Player" parent="." node_paths=PackedStringArray("camera_target", "camera_parent", "walking_camera", "shooting_pivot", "shooting_camera") instance=ExtResource("1_c5lyt")]
transform = Transform3D(1, 0, 0, 0, 1, 0, 0, 0, 1, 0, 1.28315, 1.55694)
collision_mask = 3
camera_target = NodePath("WalkingParent/WalkingTarget")
camera_parent = NodePath("WalkingParent")
walking_camera = NodePath("WalkingParent/WalkingTarget/WalkingCamera")
shooting_pivot = NodePath("ShootingParent/ShootingPivot")
shooting_camera = NodePath("ShootingParent/ShootingPivot/ShotCamera")

[node name="WalkingParent" type="Node3D" parent="Player" node_paths=PackedStringArray("camera_target", "player")]
script = ExtResource("2_ntoo2")
camera_target = NodePath("WalkingTarget")
player = NodePath("")

[node name="WalkingTarget" type="Node3D" parent="Player/WalkingParent"]

[node name="WalkingCamera" type="Camera3D" parent="Player/WalkingParent/WalkingTarget"]
transform = Transform3D(0.999999, 1.37059e-08, -1.60752e-09, 1.39807e-08, 0.971333, 0.23772, 2.67099e-09, -0.23772, 0.971334, -7.62939e-06, 2.40274, 2.18287)
current = true

[node name="ShootingParent" type="Node3D" parent="Player" node_paths=PackedStringArray("camera_target")]
transform = Transform3D(1, 0, 0, 0, 1, 0, 0, 0, 1, -0.415386, -0.572754, -0.047668)
top_level = true
script = ExtResource("3_oayoe")
camera_target = NodePath("ShootingPivot")

[node name="ShootingPivot" type="Node3D" parent="Player/ShootingParent"]

[node name="ShotCamera" type="Camera3D" parent="Player/ShootingParent/ShootingPivot"]
transform = Transform3D(-0.995563, -0.0232761, -0.0911733, -0.0147315, 0.99553, -0.0932934, 0.0929372, -0.0915364, -0.991455, 0.239761, 0.704243, -5.95249)
